19
5
1900 1910 1920 1930 1940
46 66 81 93 101
1904
5
1900 1910 1920 1930 1940
46 66 81 93 101
1934
3
1467 1477 1487
5083 6252 6976
8
3358 3368 3378 3388 3398 3408 3418 3428
8204 10909 12054 14335 16162 17123 17614 20609
8
5827 5837 5847 5857 5867 5877 5887 5897
4750 7354 8256 8409 8701 9083 11504 12220
8
2895 2905 2915 2925 2935 2945 2955 2965
3087 5858 8396 10265 12177 13844 16143 18178
8
2703 2713 2723 2733 2743 2753 2763 2773
8274 8607 11280 12944 13085 14796 16049 16917
5
1644 1654 1664 1674 1684
11922 13959 14818 17541 18282
3
1778 1788 1798
4114 5304 7146
2
4106 4116
6202 7466
2
1446 1456
7841 8570
4
7350 7360 7370 7380
5852 6245 6793 8422
9
7084 7094 7104 7114 7124 7134 7144 7154 7164
6744 9584 11550 12926 14857 17165 19109 21548 22174
5
6537 6547 6557 6567 6577
7502 9584 11513 13054 14887
5
5639 5649 5659 5669 5679
10118 11048 13025 15331 17004
4
6021 6031 6041 6051
11110 12182 12452 15281
3
7573 7583 7593
3786 6772 8062
3
1636 1646 1656
7355 10010 10584
9
4052 4062 4072 4082 4092 4102 4112 4122 4132
8987 10928 11652 13618 14048 15155 15346 15353 17690
