3 2
7 3
15 4
31 5
63 6
127 7
255 8
511 9
1023 10
2047 11
4095 12
8191 13
16383 14
32767 15
65535 16
131071 17
262143 18
524287 19
1048575 20
2097151 21
4194303 22
8388607 23
4 2
13 3
40 4
121 5
364 6
1093 7
3280 8
9841 9
29524 10
88573 11
265720 12
797161 13
2391484 14
7174453 15
5 2
21 3
85 4
341 5
1365 6
5461 7
21845 8
87381 9
349525 10
1398101 11
5592405 12
6 2
31 3
156 4
781 5
3906 6
19531 7
97656 8
488281 9
2441406 10
7 2
43 3
259 4
1555 5
9331 6
55987 7
335923 8
2015539 9
8 2
57 3
400 4
2801 5
19608 6
137257 7
960800 8
6725601 9
9 2
73 3
585 4
4681 5
37449 6
299593 7
2396745 8
10 2
91 3
820 4
7381 5
66430 6
597871 7
5380840 8
11 2
111 3
1111 4
11111 5
111111 6
1111111 7
12 2
133 3
1464 4
16105 5
177156 6
1948717 7
13 2
157 3
1885 4
22621 5
271453 6
3257437 7
14 2
183 3
2380 4
30941 5
402234 6
5229043 7
15 2
211 3
2955 4
41371 5
579195 6
8108731 7
16 2
241 3
3616 4
54241 5
813616 6
17 2
273 3
4369 4
69905 5
1118481 6
18 2
307 3
5220 4
88741 5
1508598 6
19 2
343 3
6175 4
111151 5
2000719 6
20 2
381 3
7240 4
137561 5
2613660 6
21 2
421 3
8421 4
168421 5
3368421 6
22 2
463 3
9724 4
204205 5
4288306 6
23 2
507 3
11155 4
245411 5
5399043 6
24 2
553 3
12720 4
292561 5
6728904 6
25 2
601 3
14425 4
346201 5
8308825 6
26 2
651 3
16276 4
406901 5
27 2
703 3
18279 4
475255 5
28 2
757 3
20440 4
551881 5
29 2
813 3
22765 4
637421 5
30 2
871 3
25260 4
732541 5
31 2
931 3
27931 4
837931 5
32 2
993 3
30784 4
954305 5
33 2
1057 3
33825 4
1082401 5
34 2
1123 3
37060 4
1222981 5
35 2
1191 3
40495 4
1376831 5
36 2
1261 3
44136 4
1544761 5
37 2
1333 3
47989 4
1727605 5
38 2
1407 3
52060 4
1926221 5
39 2
1483 3
56355 4
2141491 5
40 2
1561 3
60880 4
2374321 5
41 2
1641 3
65641 4
2625641 5
42 2
1723 3
70644 4
2896405 5
43 2
1807 3
75895 4
3187591 5
44 2
1893 3
81400 4
3500201 5
45 2
1981 3
87165 4
3835261 5
46 2
2071 3
93196 4
4193821 5
47 2
2163 3
99499 4
4576955 5
48 2
2257 3
106080 4
4985761 5
49 2
2353 3
112945 4
5421361 5
50 2
2451 3
120100 4
5884901 5
51 2
2551 3
127551 4
6377551 5
52 2
2653 3
135304 4
6900505 5
53 2
2757 3
143365 4
7454981 5
54 2
2863 3
151740 4
8042221 5
55 2
2971 3
160435 4
8663491 5
56 2
3081 3
169456 4
9320081 5
57 2
3193 3
178809 4
58 2
3307 3
188500 4
59 2
3423 3
198535 4
60 2
3541 3
208920 4
61 2
3661 3
219661 4
62 2
3783 3
230764 4
63 2
3907 3
242235 4
64 2
4033 3
254080 4
65 2
4161 3
266305 4
66 2
4291 3
278916 4
67 2
4423 3
291919 4
68 2
4557 3
305320 4
69 2
4693 3
319125 4
70 2
4831 3
333340 4
71 2
4971 3
347971 4
72 2
5113 3
363024 4
73 2
5257 3
378505 4
74 2
5403 3
394420 4
75 2
5551 3
410775 4
76 2
5701 3
427576 4
77 2
5853 3
444829 4
78 2
6007 3
462540 4
79 2
6163 3
480715 4
80 2
6321 3
499360 4
81 2
6481 3
518481 4
82 2
6643 3
538084 4
83 2
6807 3
558175 4
84 2
6973 3
578760 4
85 2
7141 3
599845 4
86 2
7311 3
621436 4
87 2
7483 3
643539 4
88 2
7657 3
666160 4
89 2
7833 3
689305 4
90 2
8011 3
712980 4
91 2
8191 3
737191 4
92 2
8373 3
761944 4
93 2
8557 3
787245 4
94 2
8743 3
813100 4
95 2
8931 3
839515 4
96 2
9121 3
866496 4
97 2
9313 3
894049 4
98 2
9507 3
922180 4
99 2
9703 3
950895 4
100 2
9901 3
980200 4
101 2
10101 3
1010101 4
102 2
10303 3
1040604 4
103 2
10507 3
1071715 4
104 2
10713 3
1103440 4
105 2
10921 3
1135785 4
106 2
11131 3
1168756 4
107 2
11343 3
1202359 4
108 2
11557 3
1236600 4
109 2
11773 3
1271485 4
110 2
11991 3
1307020 4
111 2
12211 3
1343211 4
112 2
12433 3
1380064 4
113 2
12657 3
1417585 4
114 2
12883 3
1455780 4
115 2
13111 3
1494655 4
116 2
13341 3
1534216 4
117 2
13573 3
1574469 4
118 2
13807 3
1615420 4
119 2
14043 3
1657075 4
120 2
14281 3
1699440 4
121 2
14521 3
1742521 4
122 2
14763 3
1786324 4
123 2
15007 3
1 1
2 2
2 3
1 9
2 1
4194303 1
1 1
1 2
9 9
5 6
