01
Nasif
3.5
3
3.5
3
3.5
3
3.5
3
3.5
3
02
Nasif
3.5
3
3.5
3
3.5
3
3.5
3
3.5
3
03
Nasif
3.5
3
3.5
3
3.5
3
3.5
3
3.5
3
04
Nasif
3.5
3
3.5
3
3.5
3
3.5
3
3.5
3
05
Nasif
3.5
3
3.5
3
3.5
3
3.5
3
3.5
3
06
Nasif
3.5
3
3.5
3
3.5
3
3.5
3
3.5
3
07
Nasif
3.5
3
3.5
3
3.5
3
3.5
3
3.5
3
08
Nasif
3.5
3
3.5
3
3.5
3
3.5
3
3.5
3
09
Nasif
3.5
3
3.5
3
3.5
3
3.5
3
3.5
3
10
Nasif
3.5
3
3.5
3
3.5
3
3.5
3
3.5
3
11
Nasif
3.5
3
3.5
3
3.5
3
3.5
3
3.5
3
12
Nasif
3.5
3
3.5
3
3.5
3
3.5
3
3.5
3
13
Nasif
3.5
3
3.5
3
3.5
3
3.5
3
3.5
3
14
Nasif
3.5
3
3.5
3
3.5
3
3.5
3
3.5
3
15
Nasif
3.5
3
3.5
3
3.5
3
3.5
3
3.5
3
16
Nasif
3.5
3
3.5
3
3.5
3
3.5
3
3.5
3
17
Nasif
3.5
3
3.5
3
3.5
3
3.5
3
3.5
3
18
Nasif
3.5
3
3.5
3
3.5
3
3.5
3
3.5
3
19
Nasif
3.5
3
3.5
3
3.5
3
3.5
3
3.5
3
20
Nasif
3.5
3
3.5
3
3.5
3
3.5
3
3.5
3
